
<table style="text-align:center"><tr><td colspan="12" style="border-bottom: 1px solid black"></td></tr><tr><td style="text-align:left"></td><td>drugs</td><td>all_cause</td><td>county_jail_adm</td><td>county_prison_adm</td><td>income</td><td>education</td><td>blacks</td><td>hispanics</td><td>race_other</td><td>county_crime</td><td>px</td></tr>
<tr><td colspan="12" style="border-bottom: 1px solid black"></td></tr><tr><td style="text-align:left">drugs</td><td>1</td><td>-0.19</td><td>0.30</td><td>0.43</td><td>-0.05</td><td>0.42</td><td>0.18</td><td>0.43</td><td>0.35</td><td>0.17</td><td>0.51</td></tr>
<tr><td style="text-align:left">all_cause</td><td>-0.19</td><td>1</td><td>0.14</td><td>0.18</td><td>-0.53</td><td>-0.73</td><td>0.37</td><td>-0.36</td><td>-0.39</td><td>0.22</td><td>0.43</td></tr>
<tr><td style="text-align:left">county_jail_adm</td><td>0.30</td><td>0.14</td><td>1</td><td>0.42</td><td>-0.20</td><td>-0.07</td><td>0.16</td><td>0.25</td><td>0.12</td><td>0.25</td><td>0.30</td></tr>
<tr><td style="text-align:left">county_prison_adm</td><td>0.43</td><td>0.18</td><td>0.42</td><td>1</td><td>-0.24</td><td>-0.07</td><td>0.41</td><td>0.26</td><td>0.09</td><td>0.33</td><td>0.30</td></tr>
<tr><td style="text-align:left">income</td><td>-0.05</td><td>-0.53</td><td>-0.20</td><td>-0.24</td><td>1</td><td>0.61</td><td>-0.16</td><td>0.24</td><td>0.34</td><td>-0.01</td><td>-0.27</td></tr>
<tr><td style="text-align:left">education</td><td>0.42</td><td>-0.73</td><td>-0.07</td><td>-0.07</td><td>0.61</td><td>1</td><td>-0.20</td><td>0.33</td><td>0.51</td><td>-0.09</td><td>-0.17</td></tr>
<tr><td style="text-align:left">blacks</td><td>0.18</td><td>0.37</td><td>0.16</td><td>0.41</td><td>-0.16</td><td>-0.20</td><td>1</td><td>0.16</td><td>0.02</td><td>0.49</td><td>0.15</td></tr>
<tr><td style="text-align:left">hispanics</td><td>0.43</td><td>-0.36</td><td>0.25</td><td>0.26</td><td>0.24</td><td>0.33</td><td>0.16</td><td>1</td><td>0.58</td><td>0.30</td><td>-0.09</td></tr>
<tr><td style="text-align:left">race_other</td><td>0.35</td><td>-0.39</td><td>0.12</td><td>0.09</td><td>0.34</td><td>0.51</td><td>0.02</td><td>0.58</td><td>1</td><td>0.25</td><td>-0.07</td></tr>
<tr><td style="text-align:left">county_crime</td><td>0.17</td><td>0.22</td><td>0.25</td><td>0.33</td><td>-0.01</td><td>-0.09</td><td>0.49</td><td>0.30</td><td>0.25</td><td>1</td><td>0.24</td></tr>
<tr><td style="text-align:left">px</td><td>0.51</td><td>0.43</td><td>0.30</td><td>0.30</td><td>-0.27</td><td>-0.17</td><td>0.15</td><td>-0.09</td><td>-0.07</td><td>0.24</td><td>1</td></tr>
<tr><td colspan="12" style="border-bottom: 1px solid black"></td></tr></table>
