
===================================================================================================================================
                  drugs all_cause county_jail_adm county_prison_adm income education blacks hispanics race_other county_crime  px  
-----------------------------------------------------------------------------------------------------------------------------------
drugs               1     -0.19        0.30             0.43        -0.05    0.42     0.18    0.43       0.35        0.17     0.51 
all_cause         -0.19     1          0.14             0.18        -0.53    -0.73    0.37    -0.36     -0.39        0.22     0.43 
county_jail_adm   0.30    0.14           1              0.42        -0.20    -0.07    0.16    0.25       0.12        0.25     0.30 
county_prison_adm 0.43    0.18         0.42               1         -0.24    -0.07    0.41    0.26       0.09        0.33     0.30 
income            -0.05   -0.53        -0.20            -0.24         1      0.61    -0.16    0.24       0.34       -0.01     -0.27
education         0.42    -0.73        -0.07            -0.07        0.61      1     -0.20    0.33       0.51       -0.09     -0.17
blacks            0.18    0.37         0.16             0.41        -0.16    -0.20     1      0.16       0.02        0.49     0.15 
hispanics         0.43    -0.36        0.25             0.26         0.24    0.33     0.16      1        0.58        0.30     -0.09
race_other        0.35    -0.39        0.12             0.09         0.34    0.51     0.02    0.58        1          0.25     -0.07
county_crime      0.17    0.22         0.25             0.33        -0.01    -0.09    0.49    0.30       0.25         1       0.24 
px                0.51    0.43         0.30             0.30        -0.27    -0.17    0.15    -0.09     -0.07        0.24       1  
-----------------------------------------------------------------------------------------------------------------------------------
