
===================================================================================================================================
                  drugs all_cause county_jail_adm county_prison_adm income  px   education blacks hispanics race_other county_crime
-----------------------------------------------------------------------------------------------------------------------------------
drugs               1     -0.07        0.22             0.34        -0.11  0.53    0.31    -0.02    0.09       0.13        0.05    
all_cause         -0.07     1          0.15             0.19        -0.51  0.45    -0.70    0.42    -0.21     -0.09        0.24    
county_jail_adm   0.22    0.15           1              0.38        -0.22  0.28    -0.08    0.13    0.18       0.07        0.20    
county_prison_adm 0.34    0.19         0.38               1         -0.23  0.28    -0.04    0.30    0.15       0.03        0.28    
income            -0.11   -0.51        -0.22            -0.23         1    -0.28   0.58    -0.29    -0.01      0.07       -0.03    
px                0.53    0.45         0.28             0.28        -0.28    1     -0.17    0.04    -0.16     -0.12        0.16    
education         0.31    -0.70        -0.08            -0.04        0.58  -0.17     1     -0.30    -0.10      0.15       -0.09    
blacks            -0.02   0.42         0.13             0.30        -0.29  0.04    -0.30     1      -0.11     -0.09        0.41    
hispanics         0.09    -0.21        0.18             0.15        -0.01  -0.16   -0.10   -0.11      1        0.09        0.13    
race_other        0.13    -0.09        0.07             0.03         0.07  -0.12   0.15    -0.09    0.09        1          0.08    
county_crime      0.05    0.24         0.20             0.28        -0.03  0.16    -0.09    0.41    0.13       0.08         1      
-----------------------------------------------------------------------------------------------------------------------------------
